2 83 -1 0 0 
2 90 83 0 0 
2 213 90 0 0 
2 42 213 0 0 
1 -1 42 1 0 
1 -1 -1 1 0 
1 -1 -1 1 0 
1 -1 -1 1 0 
1 -1 -1 1 0 
2 60 -1 0 0 
2 221 60 0 0 
2 247 221 0 0 
0 169 -1 0 0 
0 75 -1 0 0 
0 96 -1 0 0 
0 186 -1 0 1 
0 148 -1 0 1 
0 157 -1 0 1 
0 122 -1 0 1 
0 130 -1 0 1 
0 203 -1 0 1 
0 78 -1 0 1 
0 63 -1 0 1 
0 31 -1 0 1 
0 36 -1 0 1 
1 -1 247 0 0 
2 188 169 0 0 
2 144 75 0 0 
1 -1 96 0 0 
1 -1 186 0 0 
1 -1 188 0 0 
1 -1 144 1 0 
1 -1 -1 1 0 
1 -1 -1 1 0 
1 -1 -1 1 0 
1 -1 -1 1 0 
1 -1 -1 1 0 
1 -1 -1 1 0 
1 -1 -1 1 0 
1 -1 -1 1 0 
2 228 -1 0 0 
2 18 228 0 0 
2 254 18 0 0 
2 63 254 0 0 
1 -1 63 1 0 
2 163 -1 0 0 
2 56 163 0 0 
2 231 56 0 0 
0 219 -1 0 0 
0 88 -1 0 0 
0 121 -1 0 0 
0 60 -1 0 1 
0 187 -1 0 1 
0 250 -1 0 1 
0 27 -1 0 1 
0 126 -1 0 1 
2 162 231 0 0 
0 220 -1 0 1 
0 91 -1 0 1 
0 254 -1 0 1 
2 160 219 0 0 
2 143 88 0 0 
1 -1 121 0 0 
1 -1 60 0 0 
1 -1 220 0 0 
1 -1 143 1 0 
1 -1 -1 1 0 
1 -1 -1 1 0 
1 -1 -1 1 0 
1 -1 -1 1 0 
1 -1 -1 1 0 
1 -1 -1 1 0 
1 -1 -1 1 0 
1 -1 -1 1 0 
2 84 -1 0 0 
2 71 84 0 0 
2 163 71 0 0 
0 69 -1 0 0 
2 174 163 0 0 
2 201 69 0 0 
1 -1 174 0 0 
1 -1 201 1 0 
0 224 -1 0 0 
0 129 -1 0 0 
0 10 -1 0 0 
0 81 -1 0 0 
1 -1 224 0 0 
1 -1 129 0 0 
1 -1 10 0 0 
2 65 81 0 0 
2 129 65 0 0 
2 170 129 0 0 
2 72 170 0 0 
2 218 72 0 0 
2 185 218 0 0 
2 176 185 0 0 
2 119 176 0 0 
0 198 -1 0 0 
0 200 -1 0 0 
0 27 -1 0 0 
2 215 119 0 0 
1 -1 198 0 0 
1 -1 200 0 0 
1 -1 27 0 0 
1 -1 215 1 0 
1 -1 -1 1 0 
2 1 -1 0 0 
2 221 1 0 0 
2 146 221 0 0 
2 145 146 0 0 
0 185 -1 0 0 
0 72 -1 0 0 
0 183 -1 0 0 
1 -1 145 0 0 
0 171 -1 0 0 
0 169 -1 0 1 
1 -1 185 0 0 
1 -1 72 0 0 
1 -1 183 0 0 
1 -1 171 0 0 
2 15 169 0 0 
2 110 15 0 0 
2 81 110 0 0 
1 -1 81 1 0 
1 -1 -1 1 0 
1 -1 -1 1 0 
1 -1 -1 1 0 
1 -1 -1 1 0 
1 -1 -1 1 0 
2 81 -1 0 0 
2 3 81 0 0 
2 207 3 0 0 
2 125 207 0 0 
2 245 125 0 0 
2 162 245 0 0 
1 -1 162 1 0 
0 225 -1 0 0 
0 5 -1 0 0 
0 83 -1 0 0 
2 210 225 0 0 
2 208 5 0 0 
1 -1 83 0 0 
1 -1 210 0 0 
0 106 -1 0 0 
0 4 -1 0 0 
0 227 -1 0 0 
2 169 208 0 0 
2 205 106 0 0 
2 58 4 0 0 
2 250 227 0 0 
2 134 169 0 0 
0 160 -1 0 1 
0 96 -1 0 1 
0 92 -1 0 1 
0 199 -1 0 1 
0 219 -1 0 1 
0 21 -1 0 1 
2 83 205 0 0 
2 208 58 0 0 
2 220 250 0 0 
2 126 134 0 0 
2 174 160 0 0 
1 -1 208 0 0 
1 -1 220 0 0 
1 -1 126 0 0 
1 -1 174 1 0 
1 -1 -1 1 0 
0 148 -1 0 0 
0 177 -1 0 0 
0 154 -1 0 0 
0 102 -1 0 0 
1 -1 148 0 0 
1 -1 177 0 0 
1 -1 154 0 0 
1 -1 102 1 0 
0 30 -1 0 0 
0 145 -1 0 0 
0 44 -1 0 0 
0 82 -1 0 0 
0 51 -1 0 1 
0 68 -1 0 1 
0 82 -1 0 1 
0 112 -1 0 1 
0 103 -1 0 1 
2 152 30 0 0 
2 208 145 0 0 
0 228 -1 0 1 
0 26 -1 0 1 
2 202 44 0 0 
2 99 82 0 0 
2 241 51 0 0 
2 195 208 0 0 
2 4 228 0 0 
0 250 -1 0 1 
1 -1 99 0 0 
1 -1 241 0 0 
1 -1 195 0 0 
2 28 4 0 0 
2 178 250 0 0 
2 63 28 0 0 
0 245 -1 0 0 
0 61 -1 0 0 
0 120 -1 0 1 
2 175 178 0 0 
2 200 63 0 0 
2 53 245 0 0 
2 107 61 0 0 
0 140 -1 0 1 
1 -1 120 0 0 
1 -1 200 0 0 
2 224 53 0 0 
2 38 107 0 0 
0 32 -1 0 0 
0 38 -1 0 1 
0 135 -1 0 1 
0 6 -1 0 1 
0 234 -1 0 1 
0 166 -1 0 1 
1 -1 140 0 0 
0 122 -1 0 1 
0 124 -1 0 1 
0 98 -1 0 1 
0 207 -1 0 1 
0 254 -1 0 1 
1 -1 224 0 0 
1 -1 38 0 0 
1 -1 32 0 0 
1 -1 38 0 0 
1 -1 122 1 0 
1 -1 -1 1 0 
1 -1 -1 1 0 
1 -1 -1 1 0 
1 -1 -1 1 0 
1 -1 -1 1 0 
2 43 -1 0 0 
2 66 43 0 0 
2 228 66 0 0 
2 236 228 0 0 
2 176 236 0 0 
2 125 176 0 0 
2 89 125 0 0 
2 38 89 0 0 
2 40 38 0 0 
0 229 -1 0 0 
0 77 -1 0 0 
0 20 -1 0 0 
2 74 40 0 0 
2 194 229 0 0 
2 113 77 0 0 
2 33 20 0 0 
2 137 74 0 0 
2 191 194 0 0 
2 5 113 0 0 
2 155 33 0 0 
2 10 137 0 0 
2 35 191 0 0 
2 115 5 0 0 
2 59 155 0 0 
2 117 10 0 0 
2 22 35 0 0 
2 202 115 0 0 
0 125 -1 0 1 
0 182 -1 0 1 
0 233 -1 0 1 
0 187 -1 0 1 
1 -1 59 0 0 
1 -1 117 0 0 
1 -1 22 0 0 
1 -1 202 0 0 
0 242 -1 0 0 
0 34 -1 0 0 
0 108 -1 0 0 
0 57 -1 0 1 
0 115 -1 0 1 
1 -1 125 0 0 
1 -1 242 0 0 
0 70 -1 0 0 
0 129 -1 0 1 
0 181 -1 0 1 
0 201 -1 0 1 
0 4 -1 0 1 
0 247 -1 0 1 
2 86 34 0 0 
1 -1 108 0 0 
1 -1 57 0 0 
1 -1 70 0 0 
1 -1 129 1 0 
1 -1 -1 1 0 
1 -1 -1 1 0 
2 207 -1 0 0 
2 142 207 0 0 
2 203 142 0 0 
2 247 203 0 0 
2 60 247 0 0 
1 -1 60 1 0 
1 -1 -1 1 0 
1 -1 -1 1 0 
1 -1 -1 1 0 
2 119 -1 0 0 
2 164 119 0 0 
2 88 164 0 0 
0 100 -1 0 0 
0 179 -1 0 0 
0 133 -1 0 0 
0 76 -1 0 1 
1 -1 88 0 0 
1 -1 100 0 0 
0 156 -1 0 0 
1 -1 179 0 0 
1 -1 133 0 0 
0 128 -1 0 0 
0 70 -1 0 0 
0 227 -1 0 1 
1 -1 76 0 0 
1 -1 156 0 0 
1 -1 128 0 0 
2 88 70 0 0 
2 135 227 0 0 
2 171 88 0 0 
2 254 135 0 0 
2 69 171 0 0 
1 -1 254 0 0 
1 -1 69 1 0 
2 176 -1 0 0 
2 39 176 0 0 
2 219 39 0 0 
2 200 219 0 0 
2 22 200 0 0 
2 106 22 0 0 
2 78 106 0 0 
2 67 78 0 0 
2 63 67 0 0 
0 178 -1 0 0 
0 229 -1 0 0 
0 248 -1 0 0 
0 28 -1 0 1 
0 222 -1 0 1 
0 192 -1 0 1 
0 40 -1 0 1 
1 -1 63 0 0 
0 237 -1 0 1 
0 160 -1 0 1 
0 202 -1 0 1 
1 -1 178 0 0 
1 -1 229 0 0 
2 58 248 0 0 
2 243 28 0 0 
2 12 237 0 0 
2 52 58 0 0 
2 169 243 0 0 
2 214 12 0 0 
2 22 52 0 0 
2 204 169 0 0 
0 224 -1 0 0 
0 65 -1 0 1 
0 171 -1 0 1 
0 81 -1 0 1 
0 32 -1 0 1 
0 117 -1 0 1 
0 70 -1 0 1 
0 162 -1 0 1 
1 -1 214 0 0 
1 -1 22 0 0 
1 -1 204 0 0 
0 125 -1 0 0 
0 219 -1 0 0 
1 -1 224 0 0 
1 -1 65 0 0 
1 -1 125 0 0 
1 -1 219 1 0 
0 205 -1 0 0 
0 185 -1 0 0 
0 202 -1 0 0 
0 128 -1 0 0 
0 242 -1 0 1 
1 -1 205 0 0 
2 175 185 0 0 
2 133 202 0 0 
2 123 128 0 0 
2 227 242 0 0 
1 -1 175 0 0 
2 25 133 0 0 
2 155 123 0 0 
2 218 227 0 0 
2 134 25 0 0 
0 151 -1 0 0 
0 131 -1 0 1 
0 139 -1 0 1 
0 233 -1 0 1 
2 182 155 0 0 
2 230 218 0 0 
2 157 134 0 0 
2 92 151 0 0 
1 -1 131 0 0 
1 -1 230 0 0 
1 -1 157 0 0 
1 -1 92 1 0 
1 -1 -1 1 0 
1 -1 -1 1 0 
2 75 -1 0 0 
2 214 75 0 0 
2 181 214 0 0 
1 -1 181 1 0 
1 -1 -1 1 0 
1 -1 -1 1 0 
1 -1 -1 1 0 
1 -1 -1 1 0 
1 -1 -1 1 0 
2 36 -1 0 0 
2 85 36 0 0 
2 95 85 0 0 
2 18 95 0 0 
2 86 18 0 0 
2 209 86 0 0 
2 240 209 0 0 
1 -1 240 1 0 
1 -1 -1 1 0 
2 143 -1 0 0 
2 66 143 0 0 
1 -1 66 1 0 
1 -1 -1 1 0 
1 -1 -1 1 0 
2 45 -1 0 0 
2 235 45 0 0 
2 176 235 0 0 
2 125 176 0 0 
2 169 125 0 0 
2 248 169 0 0 
1 -1 248 1 0 
1 -1 -1 1 0 
2 169 -1 0 0 
2 69 169 0 0 
2 28 69 0 0 
2 208 28 0 0 
1 -1 208 1 0 
1 -1 -1 1 0 
1 -1 -1 1 0 
2 185 -1 0 0 
1 -1 185 1 0 
1 -1 -1 1 0 
1 -1 -1 1 0 
1 -1 -1 1 0 
1 -1 -1 1 0 
1 -1 -1 1 0 
1 -1 -1 1 0 
1 -1 -1 1 0 
1 -1 -1 1 0 
1 -1 -1 1 0 
1 -1 -1 1 0 
2 62 -1 0 0 
2 73 62 0 0 
2 189 73 0 0 
2 79 189 0 0 
0 47 -1 0 0 
0 54 -1 0 0 
1 -1 79 0 0 
2 154 47 0 0 
1 -1 54 0 0 
0 235 -1 0 0 
0 106 -1 0 0 
0 165 -1 0 0 
0 49 -1 0 1 
0 183 -1 0 1 
2 146 154 0 0 
2 208 235 0 0 
1 -1 106 0 0 
1 -1 165 0 0 
1 -1 49 0 0 
1 -1 208 1 0 
2 250 -1 0 0 
0 254 -1 0 0 
0 124 -1 0 0 
0 226 -1 0 0 
0 202 -1 0 1 
0 77 -1 0 1 
0 125 -1 0 1 
0 225 -1 0 1 
0 202 -1 0 1 
0 100 -1 0 1 
2 127 250 0 0 
2 187 254 0 0 
2 222 124 0 0 
2 234 226 0 0 
2 71 202 0 0 
0 188 -1 0 1 
0 213 -1 0 1 
2 182 187 0 0 
2 7 222 0 0 
2 188 234 0 0 
0 114 -1 0 1 
0 243 -1 0 1 
0 51 -1 0 1 
0 191 -1 0 1 
0 150 -1 0 1 
0 162 -1 0 1 
0 177 -1 0 1 
1 -1 71 0 0 
2 89 188 0 0 
2 244 7 0 0 
1 -1 188 0 0 
0 10 -1 0 0 
0 152 -1 0 1 
2 74 114 0 0 
0 71 -1 0 1 
0 144 -1 0 1 
1 -1 89 0 0 
0 160 -1 0 1 
0 32 -1 0 1 
0 79 -1 0 1 
2 40 244 0 0 
1 -1 10 0 0 
2 15 152 0 0 
2 132 71 0 0 
1 -1 160 0 0 
0 11 -1 0 0 
1 -1 15 0 0 
2 77 132 0 0 
2 203 11 0 0 
2 165 77 0 0 
1 -1 203 0 0 
1 -1 165 1 0 
1 -1 -1 1 0 
2 209 -1 0 0 
2 81 209 0 0 
2 118 81 0 0 
2 128 118 0 0 
2 221 128 0 0 
2 238 221 0 0 
2 241 238 0 0 
1 -1 241 1 0 
1 -1 -1 1 0 
1 -1 -1 1 0 
0 117 -1 0 0 
0 43 -1 0 0 
0 223 -1 0 0 
0 6 -1 0 0 
0 65 -1 0 1 
2 20 117 0 0 
2 1 43 0 0 
2 114 223 0 0 
1 -1 6 0 0 
0 51 -1 0 0 
0 235 -1 0 1 
0 27 -1 0 1 
0 48 -1 0 1 
0 177 -1 0 1 
1 -1 65 0 0 
0 120 -1 0 1 
1 -1 1 0 0 
1 -1 114 0 0 
1 -1 51 0 0 
1 -1 235 0 0 
1 -1 120 1 0 
2 167 -1 0 0 
2 131 167 0 0 
2 23 131 0 0 
2 119 23 0 0 
2 172 119 0 0 
1 -1 172 1 0 
1 -1 -1 1 0 
2 196 -1 0 0 
2 44 196 0 0 
1 -1 44 1 0 
1 -1 -1 1 0 
2 244 -1 0 0 
2 99 244 0 0 
2 150 99 0 0 
1 -1 150 1 0 
1 -1 -1 1 0 
1 -1 -1 1 0 
1 -1 -1 1 0 
1 -1 -1 1 0 
0 109 -1 0 0 
0 80 -1 0 0 
2 220 109 0 0 
2 228 80 0 0 
2 175 220 0 0 
2 152 228 0 0 
1 -1 175 0 0 
1 -1 152 1 0 
1 -1 -1 1 0 
1 -1 -1 1 0 
1 -1 -1 1 0 
1 -1 -1 1 0 
1 -1 -1 1 0 
1 -1 -1 1 0 
2 187 -1 0 0 
2 147 187 0 0 
2 243 147 0 0 
1 -1 243 1 0 
1 -1 -1 1 0 
1 -1 -1 1 0 
1 -1 -1 1 0 
0 0 -1 0 0 
0 209 -1 0 0 
0 155 -1 0 0 
0 174 -1 0 0 
0 161 -1 0 1 
0 61 -1 0 1 
0 34 -1 0 1 
0 99 -1 0 1 
0 211 -1 0 1 
0 218 -1 0 1 
0 49 -1 0 1 
0 103 -1 0 1 
0 213 -1 0 1 
0 233 -1 0 1 
0 19 -1 0 1 
2 7 0 0 0 
2 143 209 0 0 
2 94 155 0 0 
1 -1 174 0 0 
1 -1 161 0 0 
1 -1 143 0 0 
1 -1 94 1 0 
2 42 -1 0 0 
0 242 -1 0 0 
0 170 -1 0 0 
0 38 -1 0 0 
0 28 -1 0 1 
2 47 42 0 0 
0 167 -1 0 1 
0 243 -1 0 1 
0 189 -1 0 1 
0 199 -1 0 1 
2 71 242 0 0 
2 102 170 0 0 
2 121 38 0 0 
2 88 28 0 0 
2 55 167 0 0 
2 40 102 0 0 
2 33 121 0 0 
2 239 88 0 0 
2 29 55 0 0 
2 194 40 0 0 
0 54 -1 0 1 
0 38 -1 0 1 
0 137 -1 0 1 
0 158 -1 0 1 
2 31 33 0 0 
2 151 239 0 0 
0 195 -1 0 1 
0 83 -1 0 1 
0 55 -1 0 1 
0 178 -1 0 1 
0 22 -1 0 1 
1 -1 29 0 0 
1 -1 194 0 0 
1 -1 54 0 0 
1 -1 151 0 0 
0 244 -1 0 0 
0 169 -1 0 0 
0 130 -1 0 0 
1 -1 195 0 0 
2 9 244 0 0 
2 25 169 0 0 
2 116 130 0 0 
1 -1 9 0 0 
1 -1 25 0 0 
1 -1 116 1 0 
0 187 -1 0 0 
0 224 -1 0 0 
0 134 -1 0 0 
0 144 -1 0 0 
1 -1 187 0 0 
1 -1 224 0 0 
1 -1 134 0 0 
0 123 -1 0 0 
0 83 -1 0 0 
0 50 -1 0 0 
0 157 -1 0 1 
0 124 -1 0 1 
2 118 144 0 0 
2 47 123 0 0 
2 40 83 0 0 
1 -1 50 0 0 
1 -1 157 0 0 
1 -1 47 0 0 
0 108 -1 0 0 
1 -1 40 0 0 
1 -1 108 1 0 
1 -1 -1 1 0 
1 -1 -1 1 0 
0 26 -1 0 0 
0 46 -1 0 0 
0 81 -1 0 0 
0 102 -1 0 0 
0 4 -1 0 1 
0 20 -1 0 1 
0 49 -1 0 1 
0 116 -1 0 1 
0 182 -1 0 1 
0 102 -1 0 1 
0 194 -1 0 1 
0 150 -1 0 1 
0 47 -1 0 1 
0 162 -1 0 1 
0 130 -1 0 1 
2 219 26 0 0 
0 244 -1 0 1 
0 138 -1 0 1 
0 246 -1 0 1 
0 64 -1 0 1 
2 246 46 0 0 
2 85 81 0 0 
2 23 102 0 0 
0 235 -1 0 1 
0 141 -1 0 1 
1 -1 4 0 0 
1 -1 244 0 0 
1 -1 85 0 0 
0 81 -1 0 0 
0 12 -1 0 0 
2 188 23 0 0 
2 1 235 0 0 
0 116 -1 0 1 
0 49 -1 0 1 
2 192 81 0 0 
1 -1 12 0 0 
1 -1 188 0 0 
1 -1 1 0 0 
1 -1 116 1 0 
1 -1 -1 1 0 
1 -1 -1 1 0 
1 -1 -1 1 0 
1 -1 -1 1 0 
0 71 -1 0 0 
0 234 -1 0 0 
0 42 -1 0 0 
0 247 -1 0 0 
2 197 71 0 0 
2 83 234 0 0 
2 221 42 0 0 
2 199 247 0 0 
2 153 197 0 0 
2 78 83 0 0 
2 181 221 0 0 
2 168 199 0 0 
0 77 -1 0 1 
0 133 -1 0 1 
0 178 -1 0 1 
0 35 -1 0 1 
1 -1 153 0 0 
0 45 -1 0 1 
0 171 -1 0 1 
0 207 -1 0 1 
2 198 78 0 0 
2 52 181 0 0 
2 91 168 0 0 
2 96 77 0 0 
1 -1 45 0 0 
1 -1 52 0 0 
1 -1 91 0 0 
1 -1 96 1 0 
0 166 -1 0 0 
0 11 -1 0 0 
0 209 -1 0 0 
0 195 -1 0 0 
0 20 -1 0 1 
0 67 -1 0 1 
0 7 -1 0 1 
0 49 -1 0 1 
0 149 -1 0 1 
0 57 -1 0 1 
0 4 -1 0 1 
0 201 -1 0 1 
0 20 -1 0 1 
0 113 -1 0 1 
0 191 -1 0 1 
0 51 -1 0 1 
0 59 -1 0 1 
0 103 -1 0 1 
0 176 -1 0 1 
0 248 -1 0 1 
0 170 -1 0 1 
1 -1 166 0 0 
1 -1 11 0 0 
2 57 209 0 0 
2 179 195 0 0 
2 15 20 0 0 
2 94 57 0 0 
0 72 -1 0 0 
0 239 -1 0 1 
0 168 -1 0 1 
0 129 -1 0 1 
0 246 -1 0 1 
0 120 -1 0 1 
0 139 -1 0 1 
0 10 -1 0 1 
2 182 179 0 0 
2 240 15 0 0 
2 166 94 0 0 
2 188 72 0 0 
2 101 239 0 0 
1 -1 240 0 0 
1 -1 166 0 0 
2 39 188 0 0 
2 27 101 0 0 
2 111 39 0 0 
2 133 27 0 0 
1 -1 111 0 0 
2 56 133 0 0 
2 221 56 0 0 
2 91 221 0 0 
1 -1 91 1 0 
0 227 -1 0 0 
0 151 -1 0 0 
0 153 -1 0 0 
2 133 227 0 0 
0 212 -1 0 0 
0 107 -1 0 1 
2 237 151 0 0 
2 210 153 0 0 
2 245 133 0 0 
0 186 -1 0 1 
0 231 -1 0 1 
0 128 -1 0 1 
0 185 -1 0 1 
0 51 -1 0 1 
0 184 -1 0 1 
0 132 -1 0 1 
2 59 212 0 0 
2 209 107 0 0 
2 50 210 0 0 
0 107 -1 0 1 
0 42 -1 0 1 
1 -1 245 0 0 
1 -1 186 0 0 
2 219 209 0 0 
2 86 50 0 0 
2 53 107 0 0 
2 51 219 0 0 
1 -1 86 0 0 
1 -1 53 0 0 
1 -1 51 1 0 
1 -1 -1 1 0 
0 210 -1 0 0 
0 12 -1 0 0 
0 106 -1 0 0 
2 152 210 0 0 
2 170 12 0 0 
0 112 -1 0 0 
0 10 -1 0 1 
2 85 106 0 0 
1 -1 152 0 0 
1 -1 170 0 0 
1 -1 112 0 0 
1 -1 10 1 0 
1 -1 -1 1 0 
1 -1 -1 1 0 
2 247 -1 0 0 
1 -1 247 1 0 
1 -1 -1 1 0 
1 -1 -1 1 0 
2 115 -1 0 0 
2 224 115 0 0 
2 159 224 0 0 
2 174 159 0 0 
2 83 174 0 0 
2 12 83 0 0 
2 150 12 0 0 
2 166 150 0 0 
2 162 166 0 0 
2 219 162 0 0 
2 183 219 0 0 
1 -1 183 1 0 
1 -1 -1 1 0 
1 -1 -1 1 0 
1 -1 -1 1 0 
2 180 -1 0 0 
2 119 180 0 0 
2 124 119 0 0 
2 42 124 0 0 
2 235 42 0 0 
1 -1 235 1 0 
1 -1 -1 1 0 
1 -1 -1 1 0 
1 -1 -1 1 0 
1 -1 -1 1 0 
2 159 -1 0 0 
2 109 159 0 0 
0 160 -1 0 0 
0 61 -1 0 0 
0 206 -1 0 0 
0 141 -1 0 1 
0 130 -1 0 1 
0 61 -1 0 1 
0 76 -1 0 1 
2 116 109 0 0 
2 76 160 0 0 
2 188 61 0 0 
2 180 206 0 0 
1 -1 141 0 0 
1 -1 76 0 0 
1 -1 188 0 0 
2 43 180 0 0 
1 -1 43 1 0 
0 198 -1 0 0 
0 38 -1 0 0 
0 168 -1 0 0 
0 141 -1 0 0 
0 202 -1 0 1 
1 -1 198 0 0 
0 3 -1 0 1 
2 249 38 0 0 
2 138 168 0 0 
2 109 141 0 0 
0 169 -1 0 1 
0 104 -1 0 1 
0 11 -1 0 1 
1 -1 202 0 0 
1 -1 3 0 0 
0 68 -1 0 0 
0 1 -1 0 1 
0 24 -1 0 1 
0 239 -1 0 1 
0 147 -1 0 1 
0 137 -1 0 1 
0 231 -1 0 1 
0 185 -1 0 1 
0 17 -1 0 1 
0 155 -1 0 1 
0 144 -1 0 1 
2 209 138 0 0 
2 222 109 0 0 
2 138 169 0 0 
2 65 68 0 0 
2 47 1 0 0 
2 60 222 0 0 
2 134 138 0 0 
2 228 65 0 0 
0 237 -1 0 1 
1 -1 47 0 0 
1 -1 60 0 0 
1 -1 134 0 0 
0 25 -1 0 0 
0 89 -1 0 0 
0 186 -1 0 1 
0 174 -1 0 1 
1 -1 228 0 0 
1 -1 237 0 0 
1 -1 25 0 0 
1 -1 89 0 0 
1 -1 186 1 0 
1 -1 -1 1 0 
1 -1 -1 1 0 
1 -1 -1 1 0 
0 239 -1 0 0 
0 226 -1 0 0 
0 108 -1 0 0 
1 -1 239 0 0 
0 103 -1 0 0 
2 81 226 0 0 
0 180 -1 0 0 
0 36 -1 0 1 
0 109 -1 0 1 
0 47 -1 0 1 
0 28 -1 0 1 
0 87 -1 0 1 
1 -1 108 0 0 
1 -1 103 0 0 
1 -1 81 0 0 
0 201 -1 0 0 
0 215 -1 0 0 
0 129 -1 0 1 
0 15 -1 0 1 
0 100 -1 0 1 
0 171 -1 0 1 
1 -1 180 0 0 
0 94 -1 0 1 
0 21 -1 0 1 
0 13 -1 0 1 
1 -1 36 0 0 
2 250 201 0 0 
2 16 215 0 0 
2 8 129 0 0 
2 179 94 0 0 
2 34 250 0 0 
2 147 16 0 0 
2 110 8 0 0 
0 99 -1 0 1 
0 78 -1 0 1 
0 110 -1 0 1 
1 -1 179 0 0 
1 -1 34 0 0 
1 -1 147 0 0 
1 -1 110 0 0 
2 62 99 0 0 
2 61 62 0 0 
2 159 61 0 0 
0 236 -1 0 0 
0 215 -1 0 0 
0 89 -1 0 0 
0 12 -1 0 1 
0 84 -1 0 1 
0 16 -1 0 1 
0 28 -1 0 1 
0 12 -1 0 1 
0 7 -1 0 1 
0 34 -1 0 1 
1 -1 159 0 0 
1 -1 236 0 0 
2 192 215 0 0 
2 197 89 0 0 
2 230 12 0 0 
2 73 192 0 0 
2 140 197 0 0 
2 197 230 0 0 
2 183 73 0 0 
1 -1 140 0 0 
1 -1 197 0 0 
1 -1 183 1 0 
1 -1 -1 1 0 
0 185 -1 0 0 
0 110 -1 0 0 
0 16 -1 0 0 
1 -1 185 0 0 
1 -1 110 0 0 
1 -1 16 1 0 
1 -1 -1 1 0 
1 -1 -1 1 0 
1 -1 -1 1 0 
2 74 -1 0 0 
2 52 74 0 0 
1 -1 52 1 0 
1 -1 -1 1 0 
1 -1 -1 1 0 
1 -1 -1 1 0 
1 -1 -1 1 0 
1 -1 -1 1 0 
1 -1 -1 1 0 
1 -1 -1 1 0 
2 118 -1 0 0 
2 71 118 0 0 
2 26 71 0 0 
2 15 26 0 0 
2 65 15 0 0 
2 184 65 0 0 
2 225 184 0 0 
1 -1 225 1 0 
1 -1 -1 1 0 
1 -1 -1 1 0 
1 -1 -1 1 0 
0 216 -1 0 0 
0 181 -1 0 0 
0 170 -1 0 0 
1 -1 216 0 0 
1 -1 181 0 0 
1 -1 170 1 0 
1 -1 -1 1 0 
1 -1 -1 1 0 
1 -1 -1 1 0 
1 -1 -1 1 0 
0 236 -1 0 0 
1 -1 236 1 0 
1 -1 -1 1 0 
1 -1 -1 1 0 
1 -1 -1 1 0 
0 54 -1 0 0 
0 72 -1 0 0 
1 -1 54 0 0 
1 -1 72 1 0 
0 188 -1 0 0 
0 214 -1 0 0 
0 83 -1 0 0 
0 111 -1 0 0 
0 219 -1 0 1 
2 5 188 0 0 
0 83 -1 0 1 
0 167 -1 0 1 
0 70 -1 0 1 
0 79 -1 0 1 
1 -1 214 0 0 
1 -1 83 0 0 
1 -1 111 0 0 
1 -1 219 0 0 
0 30 -1 0 0 
0 135 -1 0 0 
0 165 -1 0 0 
0 189 -1 0 1 
2 39 83 0 0 
2 6 30 0 0 
2 64 135 0 0 
2 18 165 0 0 
2 214 189 0 0 
2 105 6 0 0 
2 153 64 0 0 
2 233 18 0 0 
1 -1 214 0 0 
1 -1 105 0 0 
2 187 153 0 0 
2 207 233 0 0 
2 97 187 0 0 
2 66 207 0 0 
2 160 97 0 0 
1 -1 66 0 0 
2 78 160 0 0 
1 -1 78 1 0 
1 -1 -1 1 0 
1 -1 -1 1 0 
1 -1 -1 1 0 
1 -1 -1 1 0 
1 -1 -1 1 0 
1 -1 -1 1 0 
1 -1 -1 1 0 
1 -1 -1 1 0 
1 -1 -1 1 0 
1 -1 -1 1 0 
0 39 -1 0 0 
0 152 -1 0 0 
0 151 -1 0 0 
0 13 -1 0 0 
1 -1 39 0 0 
1 -1 152 0 0 
1 -1 151 0 0 
2 178 13 0 0 
2 184 178 0 0 
1 -1 184 1 0 
1 -1 -1 1 0 
1 -1 -1 1 0 
1 -1 -1 1 0 
0 239 -1 0 0 
0 133 -1 0 0 
0 35 -1 0 0 
0 13 -1 0 0 
0 249 -1 0 1 
1 -1 239 0 0 
1 -1 133 0 0 
1 -1 35 0 0 
1 -1 13 0 0 
1 -1 249 1 0 
1 -1 -1 1 0 
1 -1 -1 1 0 
2 109 -1 0 0 
2 103 109 0 0 
2 190 103 0 0 
2 125 190 0 0 
2 175 125 0 0 
0 5 -1 0 0 
0 225 -1 0 0 
2 17 175 0 0 
2 56 5 0 0 
2 211 225 0 0 
1 -1 17 0 0 
1 -1 56 0 0 
1 -1 211 1 0 
1 -1 -1 1 0 
0 245 -1 0 0 
0 189 -1 0 0 
0 76 -1 0 0 
0 97 -1 0 0 
2 56 245 0 0 
2 198 189 0 0 
2 40 76 0 0 
2 79 97 0 0 
0 47 -1 0 1 
0 77 -1 0 1 
0 54 -1 0 1 
0 72 -1 0 1 
0 41 -1 0 1 
0 228 -1 0 1 
0 80 -1 0 1 
0 252 -1 0 1 
1 -1 56 0 0 
1 -1 198 0 0 
1 -1 40 0 0 
2 180 79 0 0 
1 -1 47 0 0 
1 -1 180 1 0 
0 35 -1 0 0 
2 115 35 0 0 
0 17 -1 0 0 
2 241 115 0 0 
2 94 17 0 0 
2 9 241 0 0 
0 185 -1 0 0 
0 29 -1 0 0 
0 161 -1 0 1 
2 49 94 0 0 
2 194 9 0 0 
2 76 185 0 0 
1 -1 29 0 0 
1 -1 161 0 0 
1 -1 194 0 0 
1 -1 76 1 0 
2 42 -1 0 0 
2 4 42 0 0 
0 191 -1 0 0 
0 226 -1 0 0 
0 232 -1 0 0 
1 -1 4 0 0 
1 -1 191 0 0 
1 -1 226 0 0 
1 -1 232 1 0 
1 -1 -1 1 0 
1 -1 -1 1 0 
1 -1 -1 1 0 
0 226 -1 0 0 
0 41 -1 0 0 
0 138 -1 0 0 
2 237 226 0 0 
1 -1 41 0 0 
0 61 -1 0 0 
0 13 -1 0 0 
1 -1 138 0 0 
1 -1 237 0 0 
1 -1 61 0 0 
1 -1 13 1 0 
1 -1 -1 1 0 
1 -1 -1 1 0 
1 -1 -1 1 0 
1 -1 -1 1 0 
2 245 -1 0 0 
2 87 245 0 0 
2 166 87 0 0 
1 -1 166 1 0 
1 -1 -1 1 0 
1 -1 -1 1 0 
0 139 -1 0 0 
0 17 -1 0 0 
0 63 -1 0 0 
0 224 -1 0 0 
2 47 139 0 0 
0 127 -1 0 1 
0 233 -1 0 1 
0 144 -1 0 1 
0 142 -1 0 1 
0 125 -1 0 1 
2 143 17 0 0 
0 203 -1 0 1 
0 183 -1 0 1 
0 8 -1 0 1 
0 189 -1 0 1 
0 107 -1 0 1 
0 77 -1 0 1 
0 223 -1 0 1 
0 53 -1 0 1 
0 58 -1 0 1 
0 184 -1 0 1 
0 130 -1 0 1 
1 -1 63 0 0 
0 84 -1 0 1 
0 16 -1 0 1 
0 32 -1 0 1 
1 -1 224 0 0 
1 -1 47 0 0 
1 -1 127 0 0 
0 218 -1 0 0 
0 167 -1 0 0 
0 41 -1 0 1 
0 41 -1 0 1 
0 225 -1 0 1 
0 70 -1 0 1 
0 199 -1 0 1 
0 0 -1 0 1 
0 77 -1 0 1 
0 226 -1 0 1 
0 121 -1 0 1 
1 -1 203 0 0 
2 184 84 0 0 
2 52 218 0 0 
2 194 167 0 0 
2 91 41 0 0 
0 77 -1 0 1 
0 250 -1 0 1 
0 20 -1 0 1 
1 -1 184 0 0 
1 -1 52 0 0 
1 -1 194 0 0 
1 -1 91 0 0 
0 4 -1 0 0 
0 0 -1 0 0 
0 179 -1 0 0 
0 63 -1 0 1 
1 -1 77 0 0 
1 -1 4 0 0 
2 105 0 0 0 
2 203 179 0 0 
2 69 63 0 0 
1 -1 105 0 0 
1 -1 203 0 0 
1 -1 69 1 0 
2 11 -1 0 0 
2 194 11 0 0 
2 144 194 0 0 
2 137 144 0 0 
2 121 137 0 0 
2 43 121 0 0 
2 142 43 0 0 
2 180 142 0 0 
0 211 -1 0 0 
2 8 180 0 0 
2 198 211 0 0 
1 -1 8 0 0 
1 -1 198 1 0 
1 -1 -1 1 0 
1 -1 -1 1 0 
0 150 -1 0 0 
0 30 -1 0 0 
0 245 -1 0 0 
0 217 -1 0 0 
0 93 -1 0 1 
2 153 150 0 0 
2 3 30 0 0 
1 -1 245 0 0 
1 -1 217 0 0 
1 -1 93 0 0 
1 -1 3 1 0 
1 -1 -1 1 0 
1 -1 -1 1 0 
1 -1 -1 1 0 
1 -1 -1 1 0 
1 -1 -1 1 0 
1 -1 -1 1 0 
1 -1 -1 1 0 
0 9 -1 0 0 
1 -1 9 1 0 
1 -1 -1 1 0 
1 -1 -1 1 0 
1 -1 -1 1 0 
0 179 -1 0 0 
0 189 -1 0 0 
2 20 179 0 0 
2 197 189 0 0 
2 179 20 0 0 
2 137 197 0 0 
0 172 -1 0 0 
0 171 -1 0 0 
0 200 -1 0 1 
0 61 -1 0 1 
0 216 -1 0 1 
0 163 -1 0 1 
0 225 -1 0 1 
0 21 -1 0 1 
0 156 -1 0 1 
1 -1 179 0 0 
1 -1 137 0 0 
1 -1 172 0 0 
1 -1 171 0 0 
1 -1 200 1 0 
1 -1 -1 1 0 
0 66 -1 0 0 
0 138 -1 0 0 
0 26 -1 0 0 
0 147 -1 0 0 
0 104 -1 0 1 
0 60 -1 0 1 
2 67 66 0 0 
2 235 138 0 0 
2 2 26 0 0 
2 129 147 0 0 
1 -1 104 0 0 
1 -1 235 0 0 
1 -1 2 0 0 
1 -1 129 1 0 
2 132 -1 0 0 
2 78 132 0 0 
0 162 -1 0 0 
0 180 -1 0 0 
0 133 -1 0 0 
0 18 -1 0 1 
1 -1 78 0 0 
1 -1 162 0 0 
1 -1 180 0 0 
0 238 -1 0 0 
0 50 -1 0 0 
0 178 -1 0 1 
0 63 -1 0 1 
2 36 133 0 0 
2 157 18 0 0 
1 -1 238 0 0 
1 -1 50 0 0 
2 196 178 0 0 
2 28 157 0 0 
0 183 -1 0 0 
1 -1 196 0 0 
1 -1 28 0 0 
1 -1 183 1 0 
2 211 -1 0 0 
2 218 211 0 0 
2 15 218 0 0 
0 2 -1 0 0 
0 26 -1 0 0 
0 185 -1 0 0 
0 91 -1 0 1 
0 145 -1 0 1 
1 -1 15 0 0 
1 -1 2 0 0 
0 158 -1 0 0 
0 86 -1 0 1 
1 -1 26 0 0 
1 -1 185 0 0 
2 4 91 0 0 
2 126 158 0 0 
2 243 86 0 0 
2 63 4 0 0 
1 -1 126 0 0 
1 -1 243 0 0 
2 9 63 0 0 
2 130 9 0 0 
1 -1 130 1 0 
1 -1 -1 1 0 
1 -1 -1 1 0 
1 -1 -1 1 0 
2 128 -1 0 0 
1 -1 128 1 0 
1 -1 -1 1 0 
0 50 -1 0 0 
0 250 -1 0 0 
0 31 -1 0 0 
2 87 50 0 0 
2 211 250 0 0 
2 80 31 0 0 
2 98 87 0 0 
2 216 211 0 0 
2 52 80 0 0 
0 153 -1 0 0 
0 37 -1 0 1 
2 37 98 0 0 
2 116 216 0 0 
2 40 52 0 0 
2 48 153 0 0 
1 -1 37 0 0 
2 248 116 0 0 
2 245 40 0 0 
0 34 -1 0 0 
1 -1 48 0 0 
1 -1 248 0 0 
1 -1 245 0 0 
1 -1 34 1 0 
1 -1 -1 1 0 
1 -1 -1 1 0 
2 99 -1 0 0 
2 1 99 0 0 
2 175 1 0 0 
2 201 175 0 0 
1 -1 201 1 0 
1 -1 -1 1 0 
1 -1 -1 1 0 
1 -1 -1 1 0 
1 -1 -1 1 0 
1 -1 -1 1 0 
1 -1 -1 1 0 
1 -1 -1 1 0 
2 192 -1 0 0 
2 186 192 0 0 
2 244 186 0 0 
2 22 244 0 0 
2 4 22 0 0 
2 36 4 0 0 
1 -1 36 1 0 
1 -1 -1 1 0 
1 -1 -1 1 0 
0 64 -1 0 0 
0 186 -1 0 0 
0 246 -1 0 0 
0 178 -1 0 0 
1 -1 64 0 0 
1 -1 186 0 0 
1 -1 246 0 0 
0 237 -1 0 0 
0 53 -1 0 0 
0 230 -1 0 0 
0 146 -1 0 1 
0 24 -1 0 1 
2 49 178 0 0 
2 56 237 0 0 
2 67 53 0 0 
2 46 230 0 0 
2 19 146 0 0 
2 233 56 0 0 
0 209 -1 0 1 
0 200 -1 0 1 
0 166 -1 0 1 
0 3 -1 0 1 
2 82 67 0 0 
2 164 46 0 0 
2 201 19 0 0 
1 -1 233 0 0 
1 -1 209 0 0 
1 -1 164 0 0 
1 -1 201 1 0 
1 -1 -1 1 0 
1 -1 -1 1 0 
0 180 -1 0 0 
0 213 -1 0 0 
0 152 -1 0 0 
0 172 -1 0 0 
0 52 -1 0 1 
0 63 -1 0 1 
0 226 -1 0 1 
0 187 -1 0 1 
0 50 -1 0 1 
1 -1 180 0 0 
1 -1 213 0 0 
1 -1 152 0 0 
1 -1 172 0 0 
1 -1 52 1 0 
0 17 -1 0 0 
2 233 17 0 0 
2 45 233 0 0 
2 215 45 0 0 
2 87 215 0 0 
2 160 87 0 0 
2 211 160 0 0 
2 34 211 0 0 
2 13 34 0 0 
0 97 -1 0 0 
0 1 -1 0 0 
0 130 -1 0 0 
0 22 -1 0 1 
0 14 -1 0 1 
2 2 13 0 0 
2 87 97 0 0 
2 143 1 0 0 
2 77 130 0 0 
1 -1 22 0 0 
1 -1 87 0 0 
1 -1 143 0 0 
1 -1 77 1 0 
1 -1 -1 1 0 
2 73 -1 0 0 
2 31 73 0 0 
2 118 31 0 0 
1 -1 118 1 0 
1 -1 -1 1 0 
1 -1 -1 1 0 
1 -1 -1 1 0 
1 -1 -1 1 0 
0 139 -1 0 0 
0 252 -1 0 0 
0 253 -1 0 0 
0 77 -1 0 0 
0 133 -1 0 1 
0 68 -1 0 1 
0 80 -1 0 1 
0 113 -1 0 1 
0 26 -1 0 1 
0 80 -1 0 1 
1 -1 139 0 0 
2 81 252 0 0 
2 226 253 0 0 
2 0 77 0 0 
1 -1 133 0 0 
1 -1 81 0 0 
1 -1 226 0 0 
1 -1 0 1 0 
2 50 -1 0 0 
0 104 -1 0 0 
2 2 50 0 0 
2 227 104 0 0 
2 107 2 0 0 
0 185 -1 0 0 
0 139 -1 0 0 
1 -1 227 0 0 
1 -1 107 0 0 
1 -1 185 0 0 
1 -1 139 1 0 
1 -1 -1 1 0 
1 -1 -1 1 0 
0 98 -1 0 0 
0 87 -1 0 0 
0 151 -1 0 0 
0 231 -1 0 0 
1 -1 98 0 0 
1 -1 87 0 0 
1 -1 151 0 0 
0 2 -1 0 0 
0 2 -1 0 0 
0 146 -1 0 0 
2 245 231 0 0 
0 239 -1 0 1 
0 94 -1 0 1 
0 23 -1 0 1 
0 115 -1 0 1 
0 26 -1 0 1 
0 80 -1 0 1 
0 3 -1 0 1 
1 -1 2 0 0 
0 35 -1 0 1 
0 230 -1 0 1 
0 235 -1 0 1 
1 -1 2 0 0 
0 203 -1 0 1 
0 149 -1 0 1 
0 91 -1 0 1 
2 135 146 0 0 
2 73 245 0 0 
2 84 239 0 0 
2 214 35 0 0 
2 122 203 0 0 
2 219 73 0 0 
2 29 84 0 0 
1 -1 214 0 0 
1 -1 122 0 0 
1 -1 219 0 0 
1 -1 29 1 0 
1 -1 -1 1 0 
2 52 -1 0 0 
2 100 52 0 0 
2 211 100 0 0 
2 208 211 0 0 
0 39 -1 0 0 
0 124 -1 0 0 
0 72 -1 0 0 
0 137 -1 0 1 
0 119 -1 0 1 
0 154 -1 0 1 
0 242 -1 0 1 
0 15 -1 0 1 
0 245 -1 0 1 
0 15 -1 0 1 
1 -1 208 0 0 
1 -1 39 0 0 
1 -1 124 0 0 
1 -1 72 0 0 
1 -1 137 1 0 
1 -1 -1 1 0 
0 15 -1 0 0 
0 53 -1 0 0 
0 117 -1 0 0 
0 32 -1 0 0 
0 139 -1 0 1 
0 27 -1 0 1 
1 -1 15 0 0 
1 -1 53 0 0 
1 -1 117 0 0 
1 -1 32 0 0 
2 213 139 0 0 
2 24 213 0 0 
1 -1 24 1 0 
1 -1 -1 1 0 
1 -1 -1 1 0 
0 245 -1 0 0 
0 94 -1 0 0 
1 -1 245 0 0 
0 40 -1 0 0 
1 -1 94 0 0 
0 104 -1 0 0 
1 -1 40 0 0 
0 40 -1 0 0 
0 36 -1 0 0 
0 207 -1 0 0 
0 204 -1 0 1 
1 -1 104 0 0 
1 -1 40 0 0 
1 -1 36 0 0 
1 -1 207 0 0 
2 17 204 0 0 
2 243 17 0 0 
2 18 243 0 0 
1 -1 18 1 0 
0 212 -1 0 0 
0 162 -1 0 0 
0 5 -1 0 0 
1 -1 212 0 0 
1 -1 162 0 0 
1 -1 5 1 0 
1 -1 -1 1 0 
1 -1 -1 1 0 
1 -1 -1 1 0 
0 127 -1 0 0 
0 20 -1 0 0 
2 185 127 0 0 
2 203 20 0 0 
2 105 185 0 0 
2 226 203 0 0 
2 174 105 0 0 
2 36 226 0 0 
2 196 174 0 0 
2 10 36 0 0 
1 -1 196 0 0 
1 -1 10 1 0 
1 -1 -1 1 0 
1 -1 -1 1 0 
0 112 -1 0 0 
0 180 -1 0 0 
0 4 -1 0 0 
0 220 -1 0 0 
1 -1 112 0 0 
1 -1 180 0 0 
1 -1 4 0 0 
1 -1 220 1 0 
0 73 -1 0 0 
0 87 -1 0 0 
0 5 -1 0 0 
0 41 -1 0 0 
1 -1 73 0 0 
1 -1 87 0 0 
1 -1 5 0 0 
1 -1 41 1 0 
1 -1 -1 1 0 
1 -1 -1 1 0 
1 -1 -1 1 0 
1 -1 -1 1 0 
1 -1 -1 1 0 
1 -1 -1 1 0 
2 100 -1 0 0 
2 47 100 0 0 
0 13 -1 0 0 
0 198 -1 0 0 
0 40 -1 0 0 
0 22 -1 0 1 
0 78 -1 0 1 
0 198 -1 0 1 
0 197 -1 0 1 
2 150 47 0 0 
2 217 13 0 0 
1 -1 198 0 0 
1 -1 40 0 0 
2 192 22 0 0 
2 197 217 0 0 
2 85 192 0 0 
2 116 197 0 0 
0 100 -1 0 0 
0 53 -1 0 0 
0 14 -1 0 1 
0 168 -1 0 1 
0 216 -1 0 1 
0 2 -1 0 1 
0 40 -1 0 1 
0 235 -1 0 1 
2 145 85 0 0 
2 18 116 0 0 
1 -1 100 0 0 
0 86 -1 0 0 
0 206 -1 0 1 
1 -1 53 0 0 
1 -1 14 0 0 
1 -1 18 0 0 
0 128 -1 0 0 
0 49 -1 0 0 
0 36 -1 0 1 
0 177 -1 0 1 
2 114 86 0 0 
2 212 206 0 0 
2 111 128 0 0 
2 184 49 0 0 
1 -1 36 0 0 
1 -1 212 0 0 
1 -1 111 0 0 
2 242 184 0 0 
2 130 242 0 0 
2 204 130 0 0 
0 47 -1 0 0 
0 44 -1 0 0 
1 -1 204 0 0 
1 -1 47 0 0 
1 -1 44 1 0 
1 -1 -1 1 0 
1 -1 -1 1 0 
1 -1 -1 1 0 
1 -1 -1 1 0 
1 -1 -1 1 0 
0 147 -1 0 0 
2 200 147 0 0 
2 50 200 0 0 
2 67 50 0 0 
2 123 67 0 0 
2 156 123 0 0 
2 97 156 0 0 
2 138 97 0 0 
1 -1 138 1 0 
1 -1 -1 1 0 
1 -1 -1 1 0 
1 -1 -1 1 0 
0 146 -1 0 0 
0 0 -1 0 0 
0 52 -1 0 0 
0 17 -1 0 0 
1 -1 146 0 0 
1 -1 0 0 0 
1 -1 52 0 0 
1 -1 17 1 0 
1 -1 -1 1 0 
1 -1 -1 1 0 
1 -1 -1 1 0 
2 8 -1 0 0 
2 181 8 0 0 
2 157 181 0 0 
2 112 157 0 0 
2 231 112 0 0 
2 52 231 0 0 
2 25 52 0 0 
0 118 -1 0 0 
0 249 -1 0 0 
0 142 -1 0 0 
1 -1 25 0 0 
1 -1 118 0 0 
1 -1 249 0 0 
1 -1 142 1 0 
1 -1 -1 1 0 
1 -1 -1 1 0 
1 -1 -1 1 0 
0 20 -1 0 0 
0 74 -1 0 0 
0 29 -1 0 0 
0 185 -1 0 0 
1 -1 20 0 0 
1 -1 74 0 0 
1 -1 29 0 0 
1 -1 185 1 0 
2 17 -1 0 0 
2 134 17 0 0 
2 57 134 0 0 
2 38 57 0 0 
2 96 38 0 0 
2 152 96 0 0 
1 -1 152 1 0 
1 -1 -1 1 0 
1 -1 -1 1 0 
1 -1 -1 1 0 
0 190 -1 0 0 
0 217 -1 0 0 
0 120 -1 0 0 
0 208 -1 0 0 
2 65 190 0 0 
1 -1 217 0 0 
2 189 120 0 0 
0 96 -1 0 0 
0 122 -1 0 1 
0 153 -1 0 1 
0 214 -1 0 1 
0 151 -1 0 1 
1 -1 208 0 0 
1 -1 65 0 0 
1 -1 189 0 0 
1 -1 96 0 0 
0 46 -1 0 0 
0 67 -1 0 0 
0 213 -1 0 0 
0 6 -1 0 1 
1 -1 122 0 0 
1 -1 46 0 0 
1 -1 67 0 0 
0 26 -1 0 0 
0 102 -1 0 0 
0 106 -1 0 1 
0 90 -1 0 1 
0 160 -1 0 1 
0 128 -1 0 1 
2 99 213 0 0 
2 120 6 0 0 
2 15 26 0 0 
2 9 102 0 0 
0 125 -1 0 1 
0 245 -1 0 1 
1 -1 106 0 0 
2 168 120 0 0 
2 7 15 0 0 
2 53 9 0 0 
0 1 -1 0 1 
0 33 -1 0 1 
0 61 -1 0 1 
0 198 -1 0 1 
1 -1 125 0 0 
1 -1 168 0 0 
1 -1 7 0 0 
1 -1 53 0 0 
2 227 1 0 0 
2 163 227 0 0 
2 132 163 0 0 
2 37 132 0 0 
0 254 -1 0 0 
0 43 -1 0 0 
2 119 37 0 0 
2 143 254 0 0 
0 80 -1 0 0 
0 138 -1 0 1 
0 236 -1 0 1 
1 -1 43 0 0 
1 -1 119 0 0 
1 -1 143 0 0 
1 -1 80 0 0 
1 -1 138 1 0 
1 -1 -1 1 0 
1 -1 -1 1 0 
1 -1 -1 1 0 
0 78 -1 0 0 
0 29 -1 0 0 
2 45 78 0 0 
2 65 29 0 0 
2 7 45 0 0 
0 253 -1 0 0 
0 4 -1 0 0 
2 219 65 0 0 
0 11 -1 0 1 
0 102 -1 0 1 
0 52 -1 0 1 
0 133 -1 0 1 
0 79 -1 0 1 
0 218 -1 0 1 
0 217 -1 0 1 
0 49 -1 0 1 
1 -1 7 0 0 
1 -1 253 0 0 
1 -1 4 0 0 
1 -1 219 0 0 
2 21 11 0 0 
0 65 -1 0 0 
0 231 -1 0 0 
0 106 -1 0 0 
0 119 -1 0 1 
0 53 -1 0 1 
0 27 -1 0 1 
0 119 -1 0 1 
0 2 -1 0 1 
0 210 -1 0 1 
0 99 -1 0 1 
0 201 -1 0 1 
0 212 -1 0 1 
1 -1 21 0 0 
1 -1 65 0 0 
0 141 -1 0 0 
2 49 231 0 0 
2 207 106 0 0 
1 -1 119 0 0 
1 -1 141 0 0 
1 -1 49 0 0 
2 162 207 0 0 
2 85 162 0 0 
2 126 85 0 0 
2 80 126 0 0 
1 -1 80 1 0 
0 114 -1 0 0 
2 183 114 0 0 
0 182 -1 0 0 
0 252 -1 0 0 
0 190 -1 0 0 
0 39 -1 0 1 
0 184 -1 0 1 
0 65 -1 0 1 
0 7 -1 0 1 
2 238 183 0 0 
2 72 182 0 0 
1 -1 252 0 0 
1 -1 190 0 0 
1 -1 39 0 0 
0 13 -1 0 0 
0 99 -1 0 0 
1 -1 72 0 0 
1 -1 13 0 0 
1 -1 99 1 0 
1 -1 -1 1 0 
1 -1 -1 1 0 
2 9 -1 0 0 
2 94 9 0 0 
2 127 94 0 0 
2 110 127 0 0 
2 229 110 0 0 
2 56 229 0 0 
2 63 56 0 0 
1 -1 63 1 0 
1 -1 -1 1 0 
1 -1 -1 1 0 
1 -1 -1 1 0 
1 -1 -1 1 0 
1 -1 -1 1 0 
1 -1 -1 1 0 
0 168 -1 0 0 
0 193 -1 0 0 
0 145 -1 0 0 
0 218 -1 0 0 
0 66 -1 0 1 
0 107 -1 0 1 
0 44 -1 0 1 
1 -1 168 0 0 
1 -1 193 0 0 
1 -1 145 0 0 
1 -1 218 0 0 
1 -1 66 1 0 
1 -1 -1 1 0 
2 60 -1 0 0 
0 175 -1 0 0 
0 222 -1 0 0 
0 185 -1 0 0 
0 138 -1 0 1 
2 198 60 0 0 
2 56 175 0 0 
2 90 222 0 0 
2 152 185 0 0 
2 102 138 0 0 
0 120 -1 0 1 
0 231 -1 0 1 
1 -1 56 0 0 
1 -1 90 0 0 
1 -1 152 0 0 
1 -1 102 0 0 
0 177 -1 0 0 
1 -1 120 0 0 
1 -1 177 1 0 
1 -1 -1 1 0 
1 -1 -1 1 0 
1 -1 -1 1 0 
0 232 -1 0 0 
0 74 -1 0 0 
0 90 -1 0 0 
0 198 -1 0 0 
0 70 -1 0 1 
0 103 -1 0 1 
0 217 -1 0 1 
0 204 -1 0 1 
0 95 -1 0 1 
2 114 232 0 0 
2 81 74 0 0 
0 117 -1 0 1 
0 168 -1 0 1 
0 137 -1 0 1 
1 -1 90 0 0 
1 -1 198 0 0 
1 -1 70 0 0 
2 148 81 0 0 
0 159 -1 0 0 
0 236 -1 0 0 
1 -1 117 0 0 
2 48 148 0 0 
2 130 159 0 0 
1 -1 236 0 0 
1 -1 48 0 0 
1 -1 130 1 0 
1 -1 -1 1 0 
2 174 -1 0 0 
2 191 174 0 0 
0 24 -1 0 0 
0 52 -1 0 0 
1 -1 191 0 0 
1 -1 24 0 0 
1 -1 52 1 0 
1 -1 -1 1 0 
1 -1 -1 1 0 
1 -1 -1 1 0 
1 -1 -1 1 0 
1 -1 -1 1 0 
1 -1 -1 1 0 
1 -1 -1 1 0 
1 -1 -1 1 0 
1 -1 -1 1 0 
1 -1 -1 1 0 
1 -1 -1 1 0 
1 -1 -1 1 0 
1 -1 -1 1 0 
1 -1 -1 1 0 
1 -1 -1 1 0 
1 -1 -1 1 0 
1 -1 -1 1 0 
0 172 -1 0 0 
0 183 -1 0 0 
0 199 -1 0 0 
0 110 -1 0 0 
0 187 -1 0 1 
0 38 -1 0 1 
0 148 -1 0 1 
2 94 172 0 0 
0 40 -1 0 1 
0 11 -1 0 1 
0 100 -1 0 1 
1 -1 183 0 0 
1 -1 199 0 0 
1 -1 110 0 0 
0 183 -1 0 0 
0 124 -1 0 0 
1 -1 187 0 0 
1 -1 40 0 0 
1 -1 183 0 0 
1 -1 124 1 0 
2 165 -1 0 0 
2 81 165 0 0 
1 -1 81 1 0 
2 129 -1 0 0 
2 183 129 0 0 
2 41 183 0 0 
2 12 41 0 0 
2 40 12 0 0 
1 -1 40 1 0 
1 -1 -1 1 0 
1 -1 -1 1 0 
1 -1 -1 1 0 
1 -1 -1 1 0 
1 -1 -1 1 0 
1 -1 -1 1 0 
1 -1 -1 1 0 
0 43 -1 0 0 
0 183 -1 0 0 
2 107 43 0 0 
2 247 183 0 0 
2 19 107 0 0 
0 176 -1 0 0 
0 133 -1 0 0 
0 116 -1 0 1 
0 14 -1 0 1 
2 37 247 0 0 
2 231 19 0 0 
2 195 176 0 0 
2 237 133 0 0 
0 40 -1 0 1 
2 161 116 0 0 
2 187 231 0 0 
2 65 195 0 0 
1 -1 237 0 0 
1 -1 40 0 0 
1 -1 187 0 0 
0 191 -1 0 0 
0 167 -1 0 0 
1 -1 65 0 0 
1 -1 191 0 0 
1 -1 167 1 0 
1 -1 -1 1 0 
0 199 -1 0 0 
0 204 -1 0 0 
0 171 -1 0 0 
1 -1 199 0 0 
1 -1 204 0 0 
1 -1 171 1 0 
1 -1 -1 1 0 
1 -1 -1 1 0 
1 -1 -1 1 0 
2 66 -1 0 0 
2 204 66 0 0 
2 202 204 0 0 
2 49 202 0 0 
2 94 49 0 0 
2 82 94 0 0 
2 52 82 0 0 
2 217 52 0 0 
0 191 -1 0 0 
2 39 217 0 0 
2 149 191 0 0 
2 98 39 0 0 
1 -1 149 0 0 
1 -1 98 1 0 
1 -1 -1 1 0 
1 -1 -1 1 0 
2 89 -1 0 0 
0 224 -1 0 0 
0 195 -1 0 0 
2 194 89 0 0 
2 132 224 0 0 
0 55 -1 0 0 
2 164 195 0 0 
2 22 194 0 0 
2 243 132 0 0 
2 117 55 0 0 
2 35 164 0 0 
2 253 22 0 0 
2 115 243 0 0 
2 173 117 0 0 
2 175 35 0 0 
2 83 253 0 0 
2 159 115 0 0 
2 237 173 0 0 
1 -1 175 0 0 
1 -1 83 0 0 
1 -1 159 0 0 
2 150 237 0 0 
1 -1 150 1 0 
1 -1 -1 1 0 
1 -1 -1 1 0 
0 202 -1 0 0 
2 240 202 0 0 
2 147 240 0 0 
2 74 147 0 0 
0 230 -1 0 0 
0 15 -1 0 0 
0 233 -1 0 0 
0 102 -1 0 1 
0 17 -1 0 1 
2 204 74 0 0 
2 23 230 0 0 
2 104 15 0 0 
2 32 233 0 0 
2 32 102 0 0 
2 223 23 0 0 
2 148 104 0 0 
2 35 32 0 0 
0 142 -1 0 1 
0 93 -1 0 1 
0 105 -1 0 1 
0 48 -1 0 1 
2 214 32 0 0 
2 227 223 0 0 
1 -1 148 0 0 
2 7 35 0 0 
2 214 142 0 0 
2 84 227 0 0 
0 104 -1 0 0 
0 216 -1 0 1 
0 193 -1 0 1 
0 17 -1 0 1 
1 -1 7 0 0 
1 -1 214 0 0 
1 -1 84 0 0 
1 -1 104 0 0 
1 -1 216 1 0 
1 -1 -1 1 0 
2 183 -1 0 0 
2 19 183 0 0 
2 102 19 0 0 
1 -1 102 1 0 
2 238 -1 0 0 
2 169 238 0 0 
2 177 169 0 0 
2 243 177 0 0 
0 65 -1 0 0 
0 131 -1 0 0 
0 9 -1 0 0 
0 104 -1 0 1 
0 142 -1 0 1 
0 45 -1 0 1 
0 181 -1 0 1 
0 26 -1 0 1 
2 154 243 0 0 
2 121 65 0 0 
0 116 -1 0 1 
0 83 -1 0 1 
0 62 -1 0 1 
0 214 -1 0 1 
0 65 -1 0 1 
0 24 -1 0 1 
1 -1 131 0 0 
1 -1 9 0 0 
1 -1 104 0 0 
1 -1 121 0 0 
1 -1 116 1 0 
1 -1 -1 1 0 
1 -1 -1 1 0 
1 -1 -1 1 0 
0 220 -1 0 0 
0 37 -1 0 0 
0 86 -1 0 0 
0 176 -1 0 0 
0 218 -1 0 1 
0 19 -1 0 1 
0 136 -1 0 1 
0 178 -1 0 1 
0 181 -1 0 1 
0 71 -1 0 1 
0 208 -1 0 1 
0 133 -1 0 1 
1 -1 220 0 0 
1 -1 37 0 0 
1 -1 86 0 0 
1 -1 176 0 0 
1 -1 218 1 0 
0 210 -1 0 0 
0 213 -1 0 0 
0 186 -1 0 0 
0 207 -1 0 0 
1 -1 210 0 0 
2 45 213 0 0 
2 88 186 0 0 
2 120 207 0 0 
2 179 45 0 0 
2 156 88 0 0 
2 156 120 0 0 
1 -1 179 0 0 
1 -1 156 0 0 
1 -1 156 1 0 
1 -1 -1 1 0 
1 -1 -1 1 0 
1 -1 -1 1 0 
1 -1 -1 1 0 
1 -1 -1 1 0 
1 -1 -1 1 0 
1 -1 -1 1 0 
1 -1 -1 1 0 
2 90 -1 0 0 
2 104 90 0 0 
2 81 104 0 0 
2 8 81 0 0 
2 245 8 0 0 
2 115 245 0 0 
0 120 -1 0 0 
1 -1 115 0 0 
1 -1 120 1 0 
1 -1 -1 1 0 
2 122 -1 0 0 
2 246 122 0 0 
1 -1 246 1 0 
2 170 -1 0 0 
2 108 170 0 0 
2 54 108 0 0 
1 -1 54 1 0 
1 -1 -1 1 0 
1 -1 -1 1 0 
1 -1 -1 1 0 
2 104 -1 0 0 
2 39 104 0 0 
1 -1 39 1 0 
1 -1 -1 1 0 
1 -1 -1 1 0 
1 -1 -1 1 0 
0 158 -1 0 0 
0 234 -1 0 0 
0 188 -1 0 0 
0 220 -1 0 0 
0 10 -1 0 1 
0 134 -1 0 1 
2 195 158 0 0 
2 214 234 0 0 
2 220 188 0 0 
2 15 220 0 0 
1 -1 10 0 0 
1 -1 214 0 0 
1 -1 220 0 0 
1 -1 15 1 0 
2 82 -1 0 0 
2 159 82 0 0 
0 11 -1 0 0 
0 19 -1 0 0 
0 78 -1 0 0 
0 203 -1 0 1 
0 31 -1 0 1 
1 -1 159 0 0 
1 -1 11 0 0 
1 -1 19 0 0 
1 -1 78 0 0 
1 -1 203 1 0 
2 55 -1 0 0 
2 156 55 0 0 
0 212 -1 0 0 
1 -1 156 0 0 
1 -1 212 1 0 
2 5 -1 0 0 
2 252 5 0 0 
2 91 252 0 0 
2 136 91 0 0 
2 253 136 0 0 
2 163 253 0 0 
2 225 163 0 0 
0 227 -1 0 0 
0 57 -1 0 0 
0 99 -1 0 0 
0 75 -1 0 1 
1 -1 225 0 0 
1 -1 227 0 0 
1 -1 57 0 0 
2 182 99 0 0 
0 120 -1 0 0 
0 77 -1 0 0 
2 85 75 0 0 
2 172 182 0 0 
2 250 120 0 0 
2 57 77 0 0 
0 56 -1 0 1 
0 74 -1 0 1 
2 94 85 0 0 
2 57 172 0 0 
1 -1 250 0 0 
1 -1 57 0 0 
1 -1 56 0 0 
1 -1 57 1 0 
1 -1 -1 1 0 
1 -1 -1 1 0 
1 -1 -1 1 0 
1 -1 -1 1 0 
2 141 -1 0 0 
2 216 141 0 0 
0 210 -1 0 0 
0 249 -1 0 0 
0 158 -1 0 0 
2 211 216 0 0 
0 173 -1 0 1 
0 170 -1 0 1 
0 50 -1 0 1 
0 107 -1 0 1 
0 69 -1 0 1 
0 172 -1 0 1 
2 28 210 0 0 
2 120 249 0 0 
2 243 158 0 0 
2 27 211 0 0 
2 78 173 0 0 
2 14 120 0 0 
2 222 243 0 0 
2 23 27 0 0 
2 167 78 0 0 
2 46 14 0 0 
2 235 222 0 0 
0 114 -1 0 1 
0 224 -1 0 1 
0 219 -1 0 1 
0 68 -1 0 1 
1 -1 23 0 0 
0 181 -1 0 1 
0 140 -1 0 1 
0 188 -1 0 1 
0 83 -1 0 1 
2 136 167 0 0 
2 249 46 0 0 
2 150 235 0 0 
2 36 114 0 0 
0 55 -1 0 1 
2 189 181 0 0 
2 42 249 0 0 
2 114 150 0 0 
2 125 36 0 0 
1 -1 55 0 0 
1 -1 42 0 0 
0 32 -1 0 0 
0 158 -1 0 0 
0 237 -1 0 1 
0 176 -1 0 1 
0 80 -1 0 1 
0 226 -1 0 1 
1 -1 114 0 0 
2 174 125 0 0 
2 60 32 0 0 
0 162 -1 0 1 
0 123 -1 0 1 
0 180 -1 0 1 
1 -1 158 0 0 
0 50 -1 0 1 
2 224 237 0 0 
2 235 174 0 0 
0 26 -1 0 1 
0 100 -1 0 1 
0 117 -1 0 1 
0 238 -1 0 1 
0 108 -1 0 1 
1 -1 60 0 0 
1 -1 162 0 0 
1 -1 50 0 0 
1 -1 235 0 0 
1 -1 26 1 0 
1 -1 -1 1 0 
2 203 -1 0 0 
2 30 203 0 0 
2 95 30 0 0 
2 122 95 0 0 
0 72 -1 0 0 
0 186 -1 0 0 
0 201 -1 0 0 
0 84 -1 0 1 
1 -1 122 0 0 
1 -1 72 0 0 
1 -1 186 0 0 
1 -1 201 0 0 
1 -1 84 1 0 
1 -1 -1 1 0 
1 -1 -1 1 0 
0 36 -1 0 0 
1 -1 36 1 0 
1 -1 -1 1 0 
1 -1 -1 1 0 
2 74 -1 0 0 
2 23 74 0 0 
2 218 23 0 0 
2 133 218 0 0 
2 5 133 0 0 
2 18 5 0 0 
2 1 18 0 0 
0 26 -1 0 0 
0 214 -1 0 0 
1 -1 1 0 0 
1 -1 26 0 0 
0 191 -1 0 0 
1 -1 214 0 0 
1 -1 191 1 0 
1 -1 -1 1 0 
1 -1 -1 1 0 
0 240 -1 0 0 
2 107 240 0 0 
2 18 107 0 0 
2 93 18 0 0 
2 62 93 0 0 
1 -1 62 1 0 
1 -1 -1 1 0 
1 -1 -1 1 0 
1 -1 -1 1 0 
0 179 -1 0 0 
0 81 -1 0 0 
0 140 -1 0 0 
0 49 -1 0 0 
1 -1 179 0 0 
2 128 81 0 0 
2 100 140 0 0 
1 -1 49 0 0 
1 -1 128 0 0 
1 -1 100 1 0 
1 -1 -1 1 0 
1 -1 -1 1 0 
1 -1 -1 1 0 
